[Player]
OverrideTableEmissionScale = 1
DynamicDayNight = 0
EmissionScale = 0.506030

[Standalone]
BackBufferScale = 0.416666

[TableOverride]
ViewCabMode = 2
ViewCabScaleX = 1.236431
ViewCabScaleY = 1.043162
ViewCabScaleZ = 1.000000
ViewCabRotation = 180.000000
ViewCabHOfs = -6.483900
ViewCabVOfs = 0.000000
ViewCabWindowTop = 372.914917
ViewCabWindowBot = 118.496193

[Player]
ScreenPlayerY = 25.277290
ScreenPlayerZ = 98.253578
ScreenWidth = 0.000000
ScreenHeight = 0.000000
ScreenInclination = 0.000000
FXAA = 1