[Player]
ScreenPlayerZ = 100.251236
ScreenWidth = 0.000000
ScreenHeight = 0.000000
ScreenInclination = 0.000000
ScreenPlayerY = 9.320653

[TableOverride]
ViewCabMode = 2
ViewCabScaleX = 1.302660
ViewCabScaleY = 1.057062
ViewCabScaleZ = 1.000000
ViewCabRotation = 180.000000
ViewCabHOfs = 0.620000
ViewCabVOfs = -76.395279
ViewCabWindowTop = 426.826019
ViewCabWindowBot = 92.452217

[Standalone]
BackBufferScale = 0.416666
WindowRenderMode = 0